%YAML:1.0
num_components: 520
mean: !!opencv-matrix
   rows: 1
   cols: 10304
   dt: d
   data: [ 9.2828846153846158e+01, 8.8550000000000011e+01,
       8.3259615384615387e+01, 7.9480769230769241e+01,
       7.6228846153846163e+01, 7.2521153846153851e+01,
       6.9742307692307691e+01, 6.7205769230769235e+01,
       6.3853846153846156e+01, 6.2846153846153847e+01,
       6.2023076923076928e+01, 6.1061538461538468e+01,
       5.9230769230769234e+01, 5.9071153846153848e+01,
       6.0205769230769235e+01, 6.1257692307692309e+01,
       6.3857692307692311e+01, 6.6959615384615390e+01,
       6.6932692307692307e+01, 6.8792307692307702e+01,
       7.0809615384615384e+01, 7.4084615384615390e+01,
       7.7215384615384622e+01, 8.1401923076923083e+01,
       8.4726923076923086e+01, 8.7071153846153848e+01,
       9.0578846153846158e+01, 9.3753846153846155e+01,
       9.7126923076923077e+01, 9.9944230769230771e+01,
       1.0290961538461539e+02, 1.0607500000000000e+02,
       1.0659038461538462e+02, 1.0767692307692309e+02,
       1.1066153846153847e+02, 1.1373846153846155e+02,
       1.1577307692307693e+02, 1.1821538461538462e+02,
       1.2016153846153847e+02, 1.2157692307692308e+02,
       1.2255576923076924e+02, 1.2278653846153847e+02,
       1.2279423076923078e+02, 1.2338076923076923e+02,
       1.2358076923076923e+02, 1.2415000000000001e+02,
       1.2496346153846154e+02, 1.2570961538461539e+02,
       1.2704038461538462e+02, 1.2640192307692308e+02,
       1.2452115384615385e+02, 1.2359423076923078e+02,
       1.2347307692307693e+02, 1.2213076923076923e+02,
       1.1938846153846154e+02, 1.1759038461538462e+02,
       1.1627307692307693e+02, 1.1532692307692308e+02,
       1.1160000000000001e+02, 1.0741923076923078e+02,
       1.0413846153846154e+02, 1.0240000000000001e+02,
       1.0021730769230770e+02, 9.8409615384615392e+01,
       9.4821153846153848e+01, 8.9926923076923089e+01,
       8.5598076923076931e+01, 8.2042307692307702e+01,
       7.7600000000000009e+01, 7.3617307692307691e+01,
       7.1828846153846158e+01, 6.8769230769230774e+01,
       6.6276923076923083e+01, 6.3730769230769234e+01,
       6.2505769230769232e+01, 6.1369230769230775e+01,
       5.9957692307692312e+01, 5.8876923076923077e+01,
       5.7251923076923077e+01, 5.4830769230769235e+01,
       5.4825000000000003e+01, 5.4567307692307693e+01,
       5.5836538461538467e+01, 5.5153846153846160e+01,
       5.5101923076923079e+01, 5.9286538461538463e+01,
       6.1936538461538468e+01, 6.6171153846153857e+01,
       6.9336538461538467e+01, 7.1476923076923086e+01,
       7.5173076923076934e+01, 7.6625000000000000e+01,
       9.1775000000000006e+01, 8.7865384615384613e+01,
       8.3451923076923080e+01, 8.0675000000000011e+01,
       7.5644230769230774e+01, 7.1676923076923075e+01,
       6.9153846153846160e+01, 6.6211538461538467e+01,
       6.2776923076923083e+01, 6.1740384615384620e+01,
       6.1321153846153848e+01, 6.0419230769230772e+01,
       5.9284615384615385e+01, 5.9417307692307695e+01,
       6.0059615384615391e+01, 6.2001923076923077e+01,
       6.5059615384615384e+01, 6.7411538461538470e+01,
       6.8784615384615392e+01, 6.9932692307692307e+01,
       7.2476923076923086e+01, 7.5888461538461542e+01,
       8.0219230769230776e+01, 8.4123076923076923e+01,
       8.6303846153846152e+01, 8.9494230769230768e+01,
       9.3757692307692309e+01, 9.6830769230769235e+01,
       1.0026153846153846e+02, 1.0408269230769231e+02,
       1.0719807692307693e+02, 1.0898461538461540e+02,
       1.0946346153846154e+02, 1.1162692307692308e+02,
       1.1487692307692308e+02, 1.1803461538461539e+02,
       1.2062884615384615e+02, 1.2183461538461539e+02,
       1.2409615384615385e+02, 1.260884615384615